0 0.620907 0.668362 0.077959 0.341025 0.999261
0 0.774076 0.704643 0.089549 0.321722 0.987653
0 0.396250 0.649807 0.094232 0.388768 0.966066
0 0.313865 0.656976 0.106195 0.424269 0.939910
0 0.707035 0.692760 0.093801 0.329256 0.920017
0 0.022804 0.530052 0.021226 0.083323 0.689687
0 0.102473 0.549791 0.028250 0.081706 0.635052
0 0.126625 0.551541 0.027558 0.092390 0.578171
0 0.141197 0.550698 0.029894 0.100867 0.571173
0 0.012238 0.530486 0.020756 0.081264 0.507456
0 0.491184 0.561861 0.025394 0.078705 0.453908
0 0.894109 0.572403 0.023008 0.078237 0.415418
0 0.573420 0.602558 0.029480 0.090325 0.624538
