0 0.806741 0.457984 0.304879 0.286302 0.999651
0 0.166341 0.651957 0.327680 0.600762 0.999132
0 0.284209 0.439473 0.115604 0.392000 0.984570
0 0.711820 0.346736 0.116308 0.139969 0.974913
0 0.632709 0.327713 0.095406 0.109554 0.967879
0 0.574162 0.320068 0.050952 0.053944 0.837938
0 0.928542 0.376053 0.141390 0.178723 0.882995
0 0.235911 0.501917 0.087241 0.136659 0.752082
0 0.406159 0.479216 0.115516 0.433427 0.628781
0 0.796045 0.312742 0.065652 0.040576 0.619073
0 0.350142 0.547204 0.054541 0.100572 0.575059
0 0.224124 0.486163 0.089904 0.167138 0.517889
0 0.835322 0.314275 0.091939 0.056002 0.466269
0 0.480936 0.494487 0.185163 0.574842 0.448498
0 0.457578 0.264731 0.091696 0.137089 0.448420
