0 0.666057 0.552691 0.091058 0.327318 0.991234
0 0.375223 0.538151 0.088312 0.381677 0.928930
0 0.291650 0.554897 0.094319 0.409106 0.927788
0 0.750905 0.532952 0.086529 0.393205 0.919025
0 0.512447 0.553923 0.087863 0.306941 0.837503
0 0.577935 0.516684 0.069875 0.306449 0.794109
0 0.376134 0.480824 0.069631 0.183970 0.644216
0 0.299143 0.484471 0.084457 0.310508 0.660612
0 0.235675 0.560801 0.060902 0.130067 0.488506
0 0.295935 0.476753 0.069154 0.209341 0.464727
0 0.228234 0.569372 0.052948 0.095782 0.455882
