0 0.136308 0.652117 0.264708 0.595664 0.997597
0 0.196625 0.543041 0.303295 0.466489 0.985408
0 0.665663 0.501108 0.088647 0.430395 0.984158
0 0.403997 0.574930 0.123285 0.441733 0.949812
0 0.539232 0.575933 0.133730 0.495167 0.949073
0 0.468742 0.365778 0.077036 0.098505 0.814362
0 0.256599 0.514922 0.238309 0.387267 0.698371
0 0.324951 0.356211 0.227381 0.184792 0.715949
0 0.646947 0.023513 0.100505 0.045293 0.600797
0 0.174530 0.296455 0.101513 0.082765 0.566651
0 0.081342 0.727948 0.188190 0.713830 0.562037
0 0.208098 0.490750 0.261950 0.355432 0.487717
