0 0.748229 0.446462 0.087546 0.389186 0.990117
0 0.389183 0.459210 0.070899 0.362027 0.970991
0 0.474079 0.446079 0.074073 0.378070 0.909206
0 0.214622 0.538824 0.111974 0.557814 0.876620
0 0.054135 0.538146 0.107302 0.282597 0.950473
0 0.630920 0.455197 0.059856 0.362133 0.739505
0 0.676803 0.454309 0.054430 0.369256 0.670489
0 0.303878 0.334208 0.076254 0.124849 0.532000
0 0.583574 0.272229 0.050221 0.094800 0.518640
0 0.259016 0.569905 0.176343 0.565873 0.505847
0 0.569078 0.447165 0.063024 0.369016 0.422490
