0 0.445245 0.584297 0.168031 0.632471 0.998709
0 0.788017 0.306750 0.061346 0.225009 0.997857
0 0.612890 0.574306 0.166790 0.627153 0.996459
0 0.939104 0.673525 0.114338 0.332293 0.992170
0 0.146045 0.324197 0.039097 0.127419 0.914480
0 0.687693 0.305988 0.058225 0.193312 0.885718
0 0.054362 0.287989 0.112742 0.561317 0.947910
0 0.235690 0.289428 0.033917 0.138595 0.845331
0 0.821422 0.241959 0.027413 0.108765 0.796682
0 0.365956 0.738245 0.029497 0.312509 0.706699
0 0.629283 0.276367 0.036551 0.109181 0.445448
0 0.975304 0.635934 0.047406 0.294146 0.400146
0 0.619817 0.564094 0.159136 0.468926 0.785239
0 0.450129 0.522301 0.153114 0.286780 0.462931
