0 0.688735 0.253088 0.281198 0.178178 0.999823
0 0.447254 0.671801 0.479826 0.517328 0.996504
0 0.289811 0.239541 0.476496 0.403842 0.993415
0 0.445507 0.477842 0.204967 0.604760 0.967017
0 0.023495 0.382073 0.045033 0.130446 0.857359
0 0.890493 0.500632 0.218451 0.300883 0.803117
0 0.464712 0.292248 0.183094 0.364984 0.749383
0 0.424412 0.567899 0.312023 0.565864 0.713664
0 0.472489 0.441708 0.191252 0.628547 0.603196
0 0.762480 0.200897 0.122557 0.082924 0.602416
0 0.434613 0.487134 0.179967 0.480198 0.425868
