0 0.316316 0.623333 0.149192 0.537715 0.993364
0 0.466941 0.589659 0.133747 0.516094 0.959800
0 0.677313 0.172087 0.097238 0.120559 0.812159
0 0.056361 0.513713 0.083295 0.101214 0.860006
0 0.258510 0.348410 0.062367 0.173248 0.763940
0 0.320523 0.608580 0.156872 0.633254 0.995061
0 0.523532 0.322733 0.052137 0.077088 0.675695
0 0.961392 0.520973 0.073723 0.452147 0.658030
0 0.375039 0.344888 0.054389 0.139034 0.593815
0 0.483048 0.400539 0.149610 0.234700 0.525123
0 0.966666 0.365666 0.061664 0.135351 0.489282
0 0.030874 0.501832 0.057794 0.525949 0.474384
0 0.466511 0.621108 0.128868 0.553902 0.468462
