0 0.604823 0.578188 0.072731 0.299533 0.995052
0 0.789175 0.585491 0.077113 0.288324 0.992598
0 0.970716 0.525576 0.051715 0.212651 0.990686
0 0.682638 0.569839 0.067810 0.322187 0.990103
0 0.907683 0.533304 0.054262 0.162380 0.971417
0 0.550933 0.576441 0.047990 0.294656 0.960720
0 0.504811 0.582319 0.065539 0.350392 0.923483
0 0.836674 0.524540 0.058666 0.189464 0.916142
0 0.253588 0.554720 0.057790 0.282628 0.909906
0 0.328651 0.574619 0.060951 0.310286 0.890596
0 0.201630 0.558038 0.069190 0.301276 0.874305
0 0.281058 0.564022 0.052237 0.302710 0.860574
0 0.438990 0.585952 0.068541 0.317432 0.831889
0 0.736425 0.573911 0.049715 0.289774 0.738329
0 0.146385 0.574827 0.085322 0.331516 0.624988
0 0.328844 0.640707 0.055837 0.170146 0.594958
0 0.723985 0.565529 0.038801 0.401797 0.570773
0 0.181761 0.562785 0.088383 0.332348 0.509702
0 0.488735 0.588325 0.047117 0.298305 0.499867
0 0.375971 0.577963 0.067659 0.302065 0.460462
