0 0.303033 0.521468 0.165708 0.712196 0.994078
0 0.505920 0.539240 0.167363 0.676015 0.984115
0 0.063472 0.610282 0.113019 0.749058 0.968576
0 0.089409 0.383563 0.172698 0.319899 0.930332
0 0.611921 0.422223 0.099236 0.098520 0.915364
0 0.508008 0.197922 0.062018 0.067284 0.780975
0 0.394769 0.198491 0.019578 0.055437 0.569109
0 0.506986 0.483011 0.181089 0.347103 0.634840
0 0.312415 0.520728 0.167225 0.633408 0.881139
0 0.546873 0.145523 0.032478 0.141190 0.410380
0 0.492953 0.505464 0.157357 0.376535 0.821194
0 0.314836 0.558798 0.180345 0.691022 0.434439
