0 0.594573 0.553567 0.079668 0.335582 0.999214
0 0.451405 0.574700 0.087239 0.347839 0.998864
0 0.518243 0.573885 0.071031 0.314523 0.995682
0 0.087565 0.515639 0.099925 0.129359 0.986517
0 0.672631 0.545885 0.073421 0.309190 0.971534
0 0.039858 0.521778 0.070423 0.162890 0.975218
0 0.178213 0.462265 0.023412 0.066476 0.828039
0 0.159267 0.461363 0.020032 0.067580 0.702761
0 0.457887 0.321793 0.015108 0.041651 0.675729
0 0.040451 0.329582 0.022432 0.067074 0.440451
0 0.488500 0.643126 0.040293 0.093255 0.440702
0 0.398399 0.409649 0.025704 0.039360 0.442278
