0 0.840860 0.604042 0.228728 0.677722 0.991602
0 0.169635 0.422851 0.091754 0.302551 0.988296
0 0.545766 0.594410 0.079702 0.215906 0.959445
0 0.170915 0.500443 0.057886 0.203740 0.951958
0 0.102609 0.395839 0.034986 0.108948 0.884806
0 0.457402 0.534721 0.058659 0.212493 0.885089
0 0.529207 0.465694 0.103185 0.415455 0.770502
0 0.465731 0.439134 0.082223 0.383770 0.717744
0 0.533087 0.567333 0.104763 0.278793 0.630147
0 0.217994 0.405836 0.043671 0.232155 0.566955
0 0.834614 0.787791 0.111359 0.328852 0.525156
0 0.869497 0.722270 0.235499 0.508415 0.511926
0 0.862132 0.658264 0.231653 0.553038 0.915708
0 0.211749 0.474498 0.050134 0.153201 0.407506
0 0.529605 0.521103 0.117795 0.352544 0.423829
