0 0.371475 0.498990 0.078967 0.350230 0.999376
0 0.547157 0.566574 0.138056 0.579280 0.998097
0 0.885630 0.536948 0.123228 0.424307 0.996434
0 0.269056 0.526297 0.070548 0.301023 0.995649
0 0.729498 0.524041 0.078284 0.349655 0.988995
0 0.627197 0.494970 0.067956 0.306456 0.976255
0 0.066318 0.638666 0.102587 0.219373 0.965771
0 0.337901 0.568284 0.038334 0.075704 0.945288
0 0.196917 0.503985 0.083651 0.338120 0.802051
0 0.085401 0.636886 0.070793 0.208539 0.717058
0 0.744825 0.546385 0.082938 0.343158 0.641594
0 0.953114 0.461507 0.092065 0.316516 0.836584
0 0.786302 0.538330 0.087203 0.372127 0.591261
0 0.029439 0.640761 0.053765 0.198864 0.567622
0 0.112195 0.398574 0.051510 0.130031 0.500661
