0 0.355141 0.597753 0.169107 0.606543 0.999034
0 0.577258 0.558059 0.123545 0.454282 0.991681
0 0.842586 0.506167 0.058446 0.100786 0.923614
0 0.650637 0.477576 0.056031 0.245761 0.889914
0 0.791800 0.504005 0.054762 0.098495 0.883195
0 0.711793 0.496486 0.058560 0.216242 0.841073
0 0.702783 0.441678 0.084897 0.339314 0.694577
0 0.821568 0.381658 0.046995 0.110242 0.683767
0 0.638219 0.373771 0.038730 0.075401 0.683806
0 0.248711 0.567276 0.056918 0.138474 0.615307
0 0.777078 0.351529 0.018835 0.029389 0.572926
0 0.606417 0.374117 0.032271 0.091743 0.550801
0 0.799037 0.350876 0.018086 0.040348 0.500510
0 0.760813 0.503557 0.034654 0.095270 0.452386
0 0.745363 0.350169 0.019234 0.028127 0.442493
