0 0.527601 0.524551 0.443347 0.751280 0.999696
0 0.779799 0.338914 0.131314 0.284071 0.998679
0 0.114203 0.606922 0.202369 0.271179 0.998605
0 0.961577 0.410862 0.074102 0.107745 0.874125
0 0.881093 0.409396 0.105291 0.114105 0.863396
0 0.701095 0.664821 0.118856 0.174748 0.708852
0 0.509016 0.437503 0.363838 0.546599 0.562267
0 0.616361 0.261019 0.120801 0.232534 0.548167
0 0.028068 0.669509 0.051271 0.281219 0.488519
0 0.044374 0.507194 0.086840 0.036084 0.455967
0 0.182073 0.585028 0.267483 0.247214 0.423721
