0 0.504262 0.584965 0.158723 0.536658 0.999597
0 0.647832 0.576509 0.163612 0.572789 0.996310
0 0.230375 0.459471 0.084902 0.316443 0.992495
0 0.773647 0.392932 0.045120 0.113734 0.981952
0 0.474021 0.279630 0.171783 0.066661 0.910582
0 0.849803 0.400192 0.048649 0.152162 0.905189
0 0.936088 0.379980 0.026524 0.102365 0.895530
0 0.808003 0.395415 0.037067 0.106108 0.851831
0 0.576381 0.365087 0.047903 0.086012 0.823747
0 0.810856 0.409552 0.027202 0.083237 0.693243
0 0.838646 0.402715 0.056058 0.129389 0.675198
0 0.274118 0.506576 0.038592 0.065710 0.521416
0 0.262295 0.528908 0.032215 0.089872 0.491940
0 0.852665 0.416745 0.034415 0.118833 0.438002
