0 0.743167 0.606066 0.142544 0.269534 0.950923
0 0.519307 0.714696 0.296080 0.332406 0.950605
0 0.326294 0.383594 0.081843 0.164785 0.929232
0 0.326859 0.657062 0.125036 0.436584 0.932600
0 0.865795 0.647927 0.152002 0.226368 0.914236
0 0.940602 0.599239 0.094429 0.242600 0.774334
0 0.486691 0.619340 0.134960 0.450002 0.818030
0 0.031599 0.521847 0.057217 0.116041 0.768756
0 0.217791 0.463104 0.145454 0.333141 0.709969
0 0.481191 0.368995 0.105235 0.166648 0.669061
0 0.940548 0.560890 0.085981 0.171263 0.480384
0 0.627021 0.595980 0.113962 0.243548 0.453070
0 0.588422 0.556634 0.084714 0.138580 0.431525
0 0.089779 0.549658 0.054541 0.156840 0.420966
