0 0.173016 0.574808 0.192529 0.861279 0.993459
0 0.362051 0.244569 0.154135 0.226913 0.956910
0 0.796112 0.533465 0.228491 0.839502 0.949663
0 0.402402 0.239121 0.233417 0.184629 0.661965
0 0.052701 0.429045 0.106127 0.363745 0.597560
0 0.356391 0.616128 0.178383 0.743894 0.545579
0 0.566886 0.244778 0.247757 0.235039 0.546181
0 0.359172 0.461709 0.178295 0.290135 0.741075
0 0.021190 0.276819 0.049741 0.084119 0.412665
0 0.449763 0.241206 0.136704 0.218078 0.420294
0 0.576514 0.616002 0.212084 0.748460 0.824092
