0 0.688251 0.545528 0.223280 0.453901 0.999509
0 0.449401 0.554210 0.291946 0.490548 0.998784
0 0.144527 0.520201 0.314295 0.257005 0.970384
0 0.107331 0.692050 0.215332 0.262712 0.947074
0 0.526187 0.347184 0.041419 0.082946 0.890319
0 0.602596 0.348990 0.067303 0.124753 0.889348
0 0.090890 0.767495 0.183622 0.357628 0.883000
0 0.569795 0.353692 0.031121 0.082112 0.801872
0 0.253341 0.369846 0.303939 0.083101 0.499293
0 0.233313 0.395165 0.308984 0.080449 0.494396
0 0.646547 0.315869 0.034018 0.060605 0.431072
