0 0.465711 0.599689 0.158185 0.464364 0.994045
0 0.812153 0.478462 0.077077 0.300070 0.991840
0 0.578619 0.500906 0.088100 0.379951 0.955833
0 0.748718 0.478107 0.073642 0.286799 0.952588
0 0.970401 0.357505 0.040100 0.065060 0.924936
0 0.549122 0.653431 0.074943 0.122702 0.899002
0 0.072083 0.497105 0.142428 0.786501 0.879513
0 0.913951 0.389815 0.056104 0.194871 0.819999
0 0.872723 0.422667 0.060943 0.167602 0.783941
0 0.256215 0.255330 0.049225 0.206959 0.572423
0 0.971603 0.433685 0.056510 0.173452 0.619204
0 0.427847 0.412148 0.026274 0.083684 0.417221
