0 0.234282 0.720116 0.141724 0.283492 0.990739
0 0.472680 0.606485 0.209070 0.709704 0.991036
0 0.358914 0.728332 0.135411 0.280418 0.985128
0 0.252976 0.235592 0.040363 0.113574 0.972688
0 0.595717 0.769938 0.118208 0.278003 0.981291
0 0.835320 0.247099 0.032600 0.085439 0.949181
0 0.280199 0.555840 0.166171 0.084548 0.926266
0 0.914147 0.306819 0.174892 0.128449 0.930655
0 0.588603 0.225482 0.021727 0.060741 0.810716
0 0.297287 0.506038 0.119418 0.040979 0.770870
0 0.171306 0.499312 0.082414 0.155158 0.728765
0 0.056522 0.597521 0.105695 0.695895 0.727902
0 0.218299 0.443825 0.079689 0.129550 0.602291
0 0.346889 0.450526 0.076121 0.055647 0.650244
0 0.101837 0.540178 0.075407 0.165463 0.612474
0 0.205347 0.283148 0.041805 0.056948 0.558507
0 0.855231 0.481118 0.085523 0.159027 0.496040
0 0.283443 0.408618 0.068380 0.104252 0.488346
0 0.871688 0.225946 0.018949 0.026052 0.470583
0 0.897449 0.222390 0.022428 0.035862 0.465898
0 0.897232 0.394148 0.085947 0.029528 0.401470
0 0.932879 0.484791 0.121357 0.110418 0.440541
