0 0.483862 0.599326 0.168621 0.528007 0.997484
0 0.770524 0.365766 0.079240 0.243068 0.993210
0 0.718526 0.365557 0.047801 0.213367 0.988117
0 0.131876 0.691391 0.247562 0.379165 0.983335
0 0.547672 0.325646 0.038826 0.137719 0.948299
0 0.440353 0.286864 0.055597 0.042407 0.966923
0 0.335001 0.306503 0.131146 0.167533 0.991375
0 0.638866 0.300157 0.030721 0.130713 0.861123
0 0.479121 0.562576 0.144019 0.460572 0.935209
0 0.609102 0.307067 0.028626 0.112791 0.577549
0 0.490005 0.279422 0.042729 0.055935 0.582514
0 0.224373 0.315145 0.021450 0.090604 0.404144
